+-----+-----+-----+-----+-----+-----+
|  0  |  2  |  1  |  8  |  3  |  4  |
| 9 8 | 8 2 | 2 7 | 7 3 | 3 5 | 5 2 |
|  6  |  0  |  6  |  4  |  1  |  4  |
+-----+-----+-----+-----+-----+-----+
|  6  |  0  |  6  |  4  |  1  |  4  |
| 0 5 | 5 1 | 1 0 | 0 2 | 2 9 | 9 1 |
|  5  |  7  |  6  |  3  |  7  |  3  |
+-----+-----+-----+-----+-----+-----+
|  5  |  7  |  6  |  3  |  7  |  3  |
| 1 5 | 5 6 | 6 8 | 8 3 | 3 1 | 1 2 |
|  4  |  3  |  9  |  8  |  5  |  5  |
+-----+-----+-----+-----+-----+-----+
|  4  |  3  |  9  |  8  |  5  |  5  |
| 2 6 | 6 9 | 9 8 | 8 2 | 2 1 | 1 7 |
|  3  |  9  |  2  |  4  |  7  |  9  |
+-----+-----+-----+-----+-----+-----+
|  3  |  9  |  2  |  4  |  7  |  9  |
| 3 6 | 6 2 | 2 3 | 3 4 | 4 2 | 2 5 |
|  2  |  4  |  1  |  1  |  7  |  0  |
+-----+-----+-----+-----+-----+-----+
|  2  |  4  |  1  |  1  |  7  |  0  |
| 4 8 | 8 9 | 9 7 | 7 9 | 9 5 | 5 2 |
|  6  |  4  |  6  |  4  |  6  |  3  |
+-----+-----+-----+-----+-----+-----+
